 EB(GeV)    EMITTANCEx EMITTANCEy SIZEx(m)   SIZEy(m)   DIVx(rad)  DIVy(rad)
 3.000e+00  2.630e-10  8.000e-12  4.866e-05  6.197e-06  5.406e-06  1.291e-06
 betax      alphax     betay      alphay     eta        deta       E_spread  
 9.000e+00  0.000e+00  4.800e+00  0.000e+00  0.000e+00  0.000e+00  1.000e-03
 Ibeam(A)   period(cm) #periods   Kx         Ky         Energy(eV)
 5.000e-01  1.850e+00        204  0.000e+00  1.038e+00  7.000e+03


           y       F.Density            PL            PC          PL45        1-|PL|
          mm  ph/s/mr^2/0.1%             -             -             -             -
 0.00000e+00       3.067e+13  9.995076e-01  0.000000e+00  2.232105e-17  4.923896e-04
 6.06061e-03       3.067e+13  9.992827e-01  0.000000e+00  2.710700e-10  7.173349e-04
 1.21212e-02       3.067e+13  9.986094e-01  0.000000e+00  5.420491e-10  1.390639e-03
 1.81818e-02       3.067e+13  9.974923e-01  0.000000e+00  8.128491e-10  2.507728e-03
 2.42424e-02       3.067e+13  9.959390e-01  0.000000e+00  1.083385e-09  4.061034e-03
 3.03030e-02       3.068e+13  9.939599e-01  0.000000e+00  1.353575e-09  6.040080e-03
 3.63636e-02       3.068e+13  9.915684e-01  0.000000e+00  1.623342e-09  8.431607e-03
 4.24242e-02       3.069e+13  9.887803e-01  0.000000e+00  1.892619e-09  1.121974e-02
 4.84848e-02       3.069e+13  9.856138e-01  0.000000e+00  2.161354e-09  1.438615e-02
 5.45455e-02       3.070e+13  9.820898e-01  0.000000e+00  2.429498e-09  1.791024e-02
 6.06061e-02       3.071e+13  9.782306e-01  0.000000e+00  2.697017e-09  2.176936e-02
 6.66667e-02       3.072e+13  9.740609e-01  0.000000e+00  2.963892e-09  2.593910e-02
 7.27273e-02       3.073e+13  9.696065e-01  0.000000e+00  3.230119e-09  3.039350e-02
 7.87879e-02       3.074e+13  9.648947e-01  0.000000e+00  3.495711e-09  3.510530e-02
 8.48485e-02       3.075e+13  9.599537e-01  0.000000e+00  3.760699e-09  4.004626e-02
 9.09091e-02       3.076e+13  9.548127e-01  0.000000e+00  4.025133e-09  4.518735e-02
 9.69697e-02       3.078e+13  9.495010e-01  0.000000e+00  4.289076e-09  5.049902e-02
 1.03030e-01       3.079e+13  9.440486e-01  0.000000e+00  4.552612e-09  5.595141e-02
 1.09091e-01       3.080e+13  9.384854e-01  0.000000e+00  4.815845e-09  6.151465e-02
 1.15152e-01       3.082e+13  9.328410e-01  0.000000e+00  5.078902e-09  6.715904e-02
 1.21212e-01       3.084e+13  9.271447e-01  0.000000e+00  5.341928e-09  7.285529e-02
 1.27273e-01       3.086e+13  9.214254e-01  0.000000e+00  5.605083e-09  7.857462e-02
 1.33333e-01       3.088e+13  9.157110e-01  0.000000e+00  5.868544e-09  8.428897e-02
 1.39394e-01       3.091e+13  9.100288e-01  0.000000e+00  6.132517e-09  8.997123e-02
 1.45455e-01       3.093e+13  9.044047e-01  0.000000e+00  6.397232e-09  9.559533e-02
 1.51515e-01       3.096e+13  8.988637e-01  0.000000e+00  6.662947e-09  1.011363e-01
 1.57576e-01       3.099e+13  8.934295e-01  0.000000e+00  6.929948e-09  1.065705e-01
 1.63636e-01       3.103e+13  8.881246e-01  0.000000e+00  7.198557e-09  1.118754e-01
 1.69697e-01       3.107e+13  8.829700e-01  0.000000e+00  7.469127e-09  1.170300e-01
 1.75758e-01       3.111e+13  8.779853e-01  0.000000e+00  7.742032e-09  1.220147e-01
 1.81818e-01       3.116e+13  8.731888e-01  0.000000e+00  8.017659e-09  1.268112e-01
 1.87879e-01       3.122e+13  8.685969e-01  0.000000e+00  8.296431e-09  1.314031e-01
 1.93939e-01       3.128e+13  8.642252e-01  0.000000e+00  8.578823e-09  1.357748e-01
 2.00000e-01       3.134e+13  8.600873e-01  0.000000e+00  8.865368e-09  1.399127e-01
 2.06061e-01       3.142e+13  8.561957e-01  0.000000e+00  9.156639e-09  1.438043e-01
 2.12121e-01       3.150e+13  8.525611e-01  0.000000e+00  9.453240e-09  1.474389e-01
 2.18182e-01       3.159e+13  8.491933e-01  0.000000e+00  9.755836e-09  1.508067e-01
 2.24242e-01       3.169e+13  8.461005e-01  0.000000e+00  1.006517e-08  1.538995e-01
 2.30303e-01       3.181e+13  8.432897e-01  0.000000e+00  1.038207e-08  1.567103e-01
 2.36364e-01       3.193e+13  8.407660e-01  0.000000e+00  1.070742e-08  1.592340e-01
 2.42424e-01       3.207e+13  8.385335e-01  0.000000e+00  1.104218e-08  1.614665e-01
 2.48485e-01       3.223e+13  8.365950e-01  0.000000e+00  1.138742e-08  1.634050e-01
 2.54545e-01       3.240e+13  8.349528e-01  0.000000e+00  1.174436e-08  1.650472e-01
 2.60606e-01       3.258e+13  8.336081e-01  0.000000e+00  1.211433e-08  1.663919e-01
 2.66667e-01       3.279e+13  8.325606e-01  0.000000e+00  1.249889e-08  1.674394e-01
 2.72727e-01       3.302e+13  8.318091e-01  0.000000e+00  1.289978e-08  1.681909e-01
 2.78788e-01       3.327e+13  8.313514e-01  0.000000e+00  1.331888e-08  1.686486e-01
 2.84848e-01       3.355e+13  8.311841e-01  0.000000e+00  1.375828e-08  1.688159e-01
 2.90909e-01       3.385e+13  8.313033e-01  0.000000e+00  1.422054e-08  1.686967e-01
 2.96970e-01       3.418e+13  8.317042e-01  0.000000e+00  1.470873e-08  1.682958e-01
 3.03030e-01       3.455e+13  8.323809e-01  0.000000e+00  1.522625e-08  1.676191e-01
 3.09091e-01       3.495e+13  8.333268e-01  0.000000e+00  1.577683e-08  1.666732e-01
 3.15152e-01       3.539e+13  8.345343e-01  0.000000e+00  1.636485e-08  1.654657e-01
 3.21212e-01       3.588e+13  8.359955e-01  0.000000e+00  1.699556e-08  1.640045e-01
 3.27273e-01       3.642e+13  8.377014e-01  0.000000e+00  1.767528e-08  1.622986e-01
 3.33333e-01       3.700e+13  8.396426e-01  0.000000e+00  1.841161e-08  1.603574e-01
 3.39394e-01       3.765e+13  8.418087e-01  0.000000e+00  1.921372e-08  1.581913e-01
 3.45455e-01       3.836e+13  8.441887e-01  0.000000e+00  2.009270e-08  1.558113e-01
 3.51515e-01       3.914e+13  8.467709e-01  0.000000e+00  2.106211e-08  1.532291e-01
 3.57576e-01       4.001e+13  8.495432e-01  0.000000e+00  2.213870e-08  1.504568e-01
 3.63636e-01       4.096e+13  8.524924e-01  0.000000e+00  2.334346e-08  1.475076e-01
 3.69697e-01       4.202e+13  8.556050e-01  0.000000e+00  2.470328e-08  1.443950e-01
 3.75758e-01       4.319e+13  8.588665e-01  0.000000e+00  2.625370e-08  1.411335e-01
 3.81818e-01       4.448e+13  8.622616e-01  0.000000e+00  2.804245e-08  1.377384e-01
 3.87879e-01       4.592e+13  8.657747e-01  0.000000e+00  3.013333e-08  1.342253e-01
 3.93939e-01       4.753e+13  8.693894e-01  0.000000e+00  3.261190e-08  1.306106e-01
 4.00000e-01       4.933e+13  8.730889e-01  0.000000e+00  3.559803e-08  1.269111e-01
 4.06061e-01       5.134e+13  8.768553e-01  0.000000e+00  3.927038e-08  1.231447e-01
 4.12121e-01       5.361e+13  8.806701e-01  0.000000e+00  4.390592e-08  1.193299e-01
 4.18182e-01       5.618e+13  8.845136e-01  0.000000e+00  4.994848e-08  1.154864e-01
 4.24242e-01       5.909e+13  8.883656e-01  0.000000e+00  5.817275e-08  1.116344e-01
 4.30303e-01       6.240e+13  8.922045e-01  0.000000e+00  7.027841e-08  1.077955e-01
 4.36364e-01       6.621e+13  8.960076e-01  0.000000e+00  9.263006e-08  1.039924e-01
 4.42424e-01       7.060e+13  8.997506e-01  0.000000e+00  1.623043e-07  1.002494e-01
 4.48485e-01       7.571e+13  9.034065e-01  0.000000e+00  4.746486e-07  9.659355e-02
 4.54545e-01       8.169e+13  9.069429e-01  0.000000e+00  1.716589e-06  9.305707e-02
 4.60606e-01       8.877e+13  9.103157e-01  0.000000e+00  5.187566e-06  8.968430e-02
 4.66667e-01       9.723e+13  9.134526e-01  0.000000e+00  1.131040e-05  8.654740e-02
 4.72727e-01       1.075e+14  9.162247e-01  0.000000e+00  1.706022e-05  8.377529e-02
 4.78788e-01       1.201e+14  9.183888e-01  0.000000e+00  1.755192e-05  8.161123e-02
 4.84848e-01       1.359e+14  9.194493e-01  0.000000e+00  1.224052e-05  8.055070e-02
 4.90909e-01       1.562e+14  9.183293e-01  0.000000e+00  5.774543e-06  8.167067e-02
 4.96970e-01       1.834e+14  9.126938e-01  0.000000e+00  1.853254e-06  8.730625e-02
 5.03030e-01       2.219e+14  8.978264e-01  0.000000e+00  4.185200e-07  1.021736e-01
 5.09091e-01       2.828e+14  8.657198e-01  0.000000e+00  7.681912e-08  1.342802e-01
 5.15152e-01       3.968e+14  8.089769e-01  0.000000e+00  1.672414e-08  1.910231e-01
 5.21212e-01       6.682e+14  7.413590e-01  0.000000e+00  5.118360e-09  2.586410e-01
 5.27273e-01       1.494e+15  7.182922e-01  0.000000e+00  1.530828e-09  2.817078e-01
 5.33333e-01       4.425e+15  7.683743e-01  0.000000e+00  3.748428e-10  2.316257e-01
 5.39394e-01       1.458e+16  8.401798e-01  0.000000e+00  8.559066e-11  1.598202e-01
 5.45455e-01       4.334e+16  8.936459e-01  0.000000e+00  2.221149e-11  1.063541e-01
 5.51515e-01       1.009e+17  9.265892e-01  0.000000e+00  7.493319e-12  7.341081e-02
 5.57576e-01       1.706e+17  9.464385e-01  0.000000e+00  3.528867e-12  5.356146e-02
 5.63636e-01       2.015e+17  9.588262e-01  0.000000e+00  2.403079e-12  4.117381e-02
 5.69697e-01       1.631e+17  9.669261e-01  0.000000e+00  2.405820e-12  3.307390e-02
 5.75758e-01       8.975e+16  9.724030e-01  0.000000e+00  3.558920e-12  2.759697e-02
 5.81818e-01       3.378e+16  9.759963e-01  0.000000e+00  7.718949e-12  2.400368e-02
 5.87879e-01       9.034e+15  9.773957e-01  0.000000e+00  2.356190e-11  2.260429e-02
 5.93939e-01       2.020e+15  9.737011e-01  0.000000e+00  8.582453e-11  2.629886e-02
 6.00000e-01       5.948e+14  9.614591e-01  0.000000e+00  2.360997e-10  3.854090e-02
